1 0.54013 0.372033 0.0958832 0.0767737
1 0.201642 0.393044 0.0785804 0.0911819
1 0.567701 0.319057 0.093745 0.0709998
1 0.629809 0.421184 0.0856113 0.0906597
1 0.353619 0.30105 0.0720156 0.0845479
1 0.27951 0.397559 0.0782051 0.0853304
1 0.315839 0.344842 0.0716337 0.0774208
1 0.237858 0.465714 0.091318 0.108344
1 0.510677 0.90862 0.141724 0.174531
1 0.589026 0.562496 0.100069 0.120711
0 0.608006 0.489554 0.096275 0.098534
1 0.156564 0.462869 0.0948562 0.115777
1 0.638589 0.363847 0.0833394 0.0757191
1 0.244441 0.342212 0.0721392 0.0838117
1 0.379924 0.262508 0.0632306 0.0599744
0 0.536493 0.427117 0.0957347 0.0695184
1 0.401177 0.225224 0.0673294 0.0651385
1 0.335437 0.23008 0.062518 0.0668244
1 0.283391 0.289753 0.0666963 0.0823389
1 0.553854 0.777248 0.130505 0.15744
1 0.3201 0.250735 0.0681563 0.0735965
1 0.317404 0.260559 0.0608339 0.0666619
1 0.517889 0.476369 0.101171 0.0956823
1 0.102434 0.491937 0.0943895 0.11822
1 0.394175 0.233938 0.0718351 0.0715761
1 0.650205 0.308178 0.0741499 0.0698315
